Instancias/exemplo.txt
(7, 7)
[[0. 1. 1. 0. 0. 1. 0.]
 [1. 0. 0. 0. 0. 0. 0.]
 [1. 0. 0. 1. 1. 1. 0.]
 [0. 0. 1. 0. 1. 0. 1.]
 [0. 0. 1. 1. 0. 0. 0.]
 [1. 0. 1. 0. 0. 0. 1.]
 [0. 0. 0. 1. 0. 1. 0.]]

Instancias/exemplo.txt
(7, 7)
[[0. 1. 1. 0. 0. 1. 0.]
 [1. 0. 0. 0. 0. 0. 0.]
 [1. 0. 0. 1. 1. 1. 0.]
 [0. 0. 1. 0. 1. 0. 1.]
 [0. 0. 1. 1. 0. 0. 0.]
 [1. 0. 1. 0. 0. 0. 1.]
 [0. 0. 0. 1. 0. 1. 0.]]

Instancias/ponte.txt
(4, 4)
[[0. 2. 2. 1.]
 [2. 0. 0. 1.]
 [2. 0. 0. 1.]
 [1. 1. 1. 0.]]

Instancias/zachary.txt
(34, 34)
[[0. 1. 1. ... 1. 0. 0.]
 [1. 0. 1. ... 0. 0. 0.]
 [1. 1. 0. ... 0. 1. 0.]
 ...
 [1. 0. 0. ... 0. 1. 1.]
 [0. 0. 1. ... 1. 0. 1.]
 [0. 0. 0. ... 1. 1. 0.]]

Instancias/zachary.txt
(34, 34)
[[0. 1. 1. ... 1. 0. 0.]
 [1. 0. 1. ... 0. 0. 0.]
 [1. 1. 0. ... 0. 1. 0.]
 ...
 [1. 0. 0. ... 0. 1. 1.]
 [0. 0. 1. ... 1. 0. 1.]
 [0. 0. 0. ... 1. 1. 0.]]

Instancias/exemplo.txt
(7, 7)
[[0. 1. 1. 0. 0. 1. 0.]
 [1. 0. 0. 0. 0. 0. 0.]
 [1. 0. 0. 1. 1. 1. 0.]
 [0. 0. 1. 0. 1. 0. 1.]
 [0. 0. 1. 1. 0. 0. 0.]
 [1. 0. 1. 0. 0. 0. 1.]
 [0. 0. 0. 1. 0. 1. 0.]]

Instancias/ponte.txt
(4, 4)
[[0. 2. 2. 1.]
 [2. 0. 0. 1.]
 [2. 0. 0. 1.]
 [1. 1. 1. 0.]]

Instancias/zachary.txt
(34, 34)
[[0. 1. 1. ... 1. 0. 0.]
 [1. 0. 1. ... 0. 0. 0.]
 [1. 1. 0. ... 0. 1. 0.]
 ...
 [1. 0. 0. ... 0. 1. 1.]
 [0. 0. 1. ... 1. 0. 1.]
 [0. 0. 0. ... 1. 1. 0.]]

Instancias/exemplo.txt
(7, 7)
[[0. 1. 1. 0. 0. 1. 0.]
 [1. 0. 0. 0. 0. 0. 0.]
 [1. 0. 0. 1. 1. 1. 0.]
 [0. 0. 1. 0. 1. 0. 1.]
 [0. 0. 1. 1. 0. 0. 0.]
 [1. 0. 1. 0. 0. 0. 1.]
 [0. 0. 0. 1. 0. 1. 0.]]

Instancias/exemplo.txt
(7, 7)
[[0. 1. 1. 0. 0. 1. 0.]
 [1. 0. 0. 0. 0. 0. 0.]
 [1. 0. 0. 1. 1. 1. 0.]
 [0. 0. 1. 0. 1. 0. 1.]
 [0. 0. 1. 1. 0. 0. 0.]
 [1. 0. 1. 0. 0. 0. 1.]
 [0. 0. 0. 1. 0. 1. 0.]]

Instancias/exemplo.txt
(7, 7)
[[0. 1. 1. 0. 0. 1. 0.]
 [1. 0. 0. 0. 0. 0. 0.]
 [1. 0. 0. 1. 1. 1. 0.]
 [0. 0. 1. 0. 1. 0. 1.]
 [0. 0. 1. 1. 0. 0. 0.]
 [1. 0. 1. 0. 0. 0. 1.]
 [0. 0. 0. 1. 0. 1. 0.]]

Instancias/ponte.txt
(4, 4)
[[0. 2. 2. 1.]
 [2. 0. 0. 1.]
 [2. 0. 0. 1.]
 [1. 1. 1. 0.]]

Instancias/ponte.txt
(4, 4)
[[0. 2. 2. 1.]
 [2. 0. 0. 1.]
 [2. 0. 0. 1.]
 [1. 1. 1. 0.]]

Instancias/ponte.txt
(4, 4)
[[0. 2. 2. 1.]
 [2. 0. 0. 1.]
 [2. 0. 0. 1.]
 [1. 1. 1. 0.]]

Instancias/ponte.txt
(4, 4)
[[0. 2. 2. 1.]
 [2. 0. 0. 1.]
 [2. 0. 0. 1.]
 [1. 1. 1. 0.]]

Instancias/ponte.txt
(4, 4)
[[0. 2. 2. 1.]
 [2. 0. 0. 1.]
 [2. 0. 0. 1.]
 [1. 1. 1. 0.]]

Instancias/ponte.txt
(4, 4)
[[0. 2. 2. 1.]
 [2. 0. 0. 1.]
 [2. 0. 0. 1.]
 [1. 1. 1. 0.]]

Instancias/ponte.txt
(4, 4)
[[0. 2. 2. 1.]
 [2. 0. 0. 1.]
 [2. 0. 0. 1.]
 [1. 1. 1. 0.]]

Instancias/ponte.txt
(4, 4)
[[0. 2. 2. 1.]
 [2. 0. 0. 1.]
 [2. 0. 0. 1.]
 [1. 1. 1. 0.]]

Instancias/ponte.txt
(4, 4)
[[0. 2. 2. 1.]
 [2. 0. 0. 1.]
 [2. 0. 0. 1.]
 [1. 1. 1. 0.]]

Instancias/ponte.txt
(4, 4)
[[0. 2. 2. 1.]
 [2. 0. 0. 1.]
 [2. 0. 0. 1.]
 [1. 1. 1. 0.]]

Instancias/ponte.txt
(4, 4)
[[0. 2. 2. 1.]
 [2. 0. 0. 1.]
 [2. 0. 0. 1.]
 [1. 1. 1. 0.]]

Instancias/ponte.txt
(4, 4)
[[0. 2. 2. 1.]
 [2. 0. 0. 1.]
 [2. 0. 0. 1.]
 [1. 1. 1. 0.]]

Instancias/ponte.txt
4
[[0. 2. 2. 1.]
 [2. 0. 0. 1.]
 [2. 0. 0. 1.]
 [1. 1. 1. 0.]]

Instancias/ponte.txt
(4, 4)
[[0. 2. 2. 1.]
 [2. 0. 0. 1.]
 [2. 0. 0. 1.]
 [1. 1. 1. 0.]]

Instancias/ponte.txt
(4, 4)
[[0. 2. 2. 1.]
 [2. 0. 0. 1.]
 [2. 0. 0. 1.]
 [1. 1. 1. 0.]]

Instancias/ponte.txt
(4, 4)
[[0. 2. 2. 1.]
 [2. 0. 0. 1.]
 [2. 0. 0. 1.]
 [1. 1. 1. 0.]]

Instancias/ponte.txt
(4, 4)
[[0. 2. 2. 1.]
 [2. 0. 0. 1.]
 [2. 0. 0. 1.]
 [1. 1. 1. 0.]]

Instancias/ponte.txt
(4, 4)
[[0. 2. 2. 1.]
 [2. 0. 0. 1.]
 [2. 0. 0. 1.]
 [1. 1. 1. 0.]]

